[ 2, 8 ]
[ 2, 8 ]
[ 2, 8 ]
[ 2, 8 ]
[ 2, 8 ]
[ 2, 8 ]
[ 2, 8 ]
[ 2, 8 ]
[ 2, 8 ]
[ 2, 8 ]
[ 2, 8 ]
[ 2, 8 ]
[ 2, 8 ]
[ 2, 8 ]
[ 2, 8 ]
[ 2, 8 ]
[ 2, 8 ]
[ 2, 8 ]
[ 7, 33 ]
[ 7, 33 ]
[ 7, 33 ]
[ 7, 33 ]
[ 7, 33 ]
[ 7, 33 ]
[ 7, 33 ]
[ 7, 33 ]
[ 7, 33 ]
[ 7, 33 ]
[ 7, 33 ]
[ 7, 33 ]
[ 7, 33 ]
[ 7, 33 ]
[ 7, 33 ]
[ 7, 33 ]
[ 7, 33 ]
[ 7, 33 ]
[ 7, 5 ]
[ 7, 5 ]
[ 7, 5 ]
[ 7, 5 ]
[ 7, 5 ]
[ 7, 5 ]
[ 7, 5 ]
[ 7, 5 ]
[ 7, 5 ]
[ 7, 5 ]
[ 7, 5 ]
[ 7, 5 ]
[ 7, 5 ]
[ 7, 5 ]
[ 7, 5 ]
[ 7, 5 ]
[ 7, 5 ]
[ 7, 5 ]
[ 75, 3000 ]
[ 75, 3000 ]
[ 75, 3000 ]
[ 75, 3000 ]
[ 75, 3000 ]
[ 75, 3000 ]
[ 75, 3000 ]
[ 75, 3000 ]
[ 75, 3000 ]
[ 75, 3000 ]
[ 75, 3000 ]
[ 75, 3000 ]
[ 75, 3000 ]
[ 75, 3000 ]
[ 75, 3000 ]
[ 75, 3000 ]
[ 75, 3000 ]
[ 75, 3000 ]
[ 79, 9999 ]
[ 79, 9999 ]
[ 79, 9999 ]
[ 79, 9999 ]
[ 79, 9999 ]
[ 79, 9999 ]
[ 79, 9999 ]
[ 79, 9999 ]
[ 79, 9999 ]
[ 79, 9999 ]
[ 79, 9999 ]
[ 79, 9999 ]
[ 79, 9999 ]
[ 79, 9999 ]
[ 79, 9999 ]
[ 79, 9999 ]
[ 79, 9999 ]
[ 79, 9999 ]
0
